00,20,01,02,11,21,22,-1
22,11,21,20,02,12,10,01,00,0
20,11,21,22,00,10,12,02,01,0
02,11,20,21,01,00,22,12,10,0
02,11,21,12,10,01,20,22,00,-1
00,11,01,02,20,10,12,22,21,0
22,11,21,20,02,12,10,00,01,0
20,00,21,22,11,01,02,-1
20,11,12,21,01,00,22,02,10,0
20,11,21,22,00,10,12,01,02,0
20,11,12,01,21,22,00,10,02,0
00,11,02,01,21,10,12,22,20,0
20,11,12,21,01,02,10,00,22,0
02,11,21,20,12,22,00,01,10,0
02,22,01,00,11,21,20,-1
22,20,12,02,11,10,00,-1
22,11,20,21,01,12,10,00,02,0
00,11,01,02,20,10,12,21,22,0
02,00,12,22,11,10,20,-1
00,11,02,01,21,12,10,20,22,0
02,11,21,20,01,00,10,22,1
22,02,21,20,11,01,00,-1
02,11,21,12,10,01,00,20,22,0
20,11,12,21,01,02,00,10,22,0
00,02,10,20,11,12,22,-1
02,11,20,12,10,00,22,21,01,0
20,22,10,00,11,12,02,-1
22,11,20,21,01,02,10,00,12,0
